Puntos	Vidas	Ticks									
36	0	398									
22	0	265									
24	0	217									
22	0	347									
0	0	81									
24	0	257									
28	0	441									
14	0	185									
22	0	285									
0	0	145									
22	0	196									
18	0	302									
18	0	417									
18	0	216									
0	0	148									
4	2	2001									
30	0	338									
12	0	437									
34	0	443									
0	0	144									
16	0	197									
14	0	206									
28	0	531									
26	0	344									
0	0	124									
54	0	721									
22	0	242									
6	1	2001									
16	0	186									
0	0	444									
12	1	2001									
22	0	323									
24	0	268									
14	0	182									
0	0	237									
20	0	184									
40	0	352									
12	0	279									
30	0	359									
24	0	517									
16	2	2001									
22	0	331									
12	0	325									
28	0	347									
0	0	144									
26	2	2001									
32	0	507									
10	0	293						mapa 1	mapa 2 	mapa 3	mapa 4
20	0	264					1	100%	100%	100%	100%
0	0	210					2	100%	100%	100%	100%
32	0	387					3	100%	100%	100%	100%
34	0	527					4	100%	100%	100%	100%
16	0	252					5	100%	100%	100%	100%
42	0	464					6	100%	100%	100%	100%
34	0	587					7	100%	100%	100%	100%
22	0	283					8	100%	100%	100%	100%
18	0	197					9	100%	100%	100%	100%
32	0	441					10	100%	100%	100%	100%
26	0	274									
0	0	129									
36	0	394									
46	0	962						40	36	80	58
36	0	694				750		mapa 1	mapa 2 	mapa 3	mapa 4
34	0	441					1				
0	0	110						4800%			
86	0	994				3500		mapa 1	mapa 2 	mapa 3	mapa 4
52	0	762					1	100%			
10	0	348						44	50	86	60
24	0	275				2000		mapa 1	mapa 2 	mapa 3	mapa 4
0	0	216					1			100%	100%
58	0	570									
20	0	280									
20	0	508									
42	0	685									
50	2	923									
26	0	305									
54	0	822									
12	0	389									
16	0	199									
44	0	576									
84	0	1043									
22	0	355									
14	0	325									
38	0	403									
0	3	2001									
88	1	2001									
14	0	240									
24	0	489									
76	1	1102									
38	0	757						mapa 1	mapa 2 	mapa 3	mapa 4
42	0	436					1				
10	0	192									
34	0	644									
76	1	1137									
0	0	504									
82	0	850									
14	0	181									
48	0	983									
66	0	1021									
0	0	529									
46	0	453									
12	0	156									
12	0	115									
44	0	558									
0	0	308									
22	0	258									
30	0	503									
28	0	688									
46	0	554									
34	0	1077									
36	0	433									
20	0	336									
24	0	487									
48	0	501									
0	0	256									
32	0	352									
12	0	200									
18	0	289									
20	0	304									
30	0	430									
64	0	830									
46	0	1002									
26	0	457									
74	1	2001									
36	0	633									
66	0	685									
62	1	1277									
38	0	698									
52	0	795									
18	0	1234									
56	0	569									
44	0	502									
12	0	498									
26	0	289									
24	0	249									
24	0	279									
58	0	1173									
28	0	461									
48	0	803									
10	0	478									
100	1	2001									
60	0	1389									
30	0	805									
72	0	1219									
0	0	290									
12	0	139									
18	0	205									
6	0	196									
16	0	197									
0	0	586									
98	0	1113									
38	0	775									
54	0	864									
16	0	247									
0	0	132									
22	0	199									
46	0	1299									
22	0	513									
74	0	1396									
0	0	190									
110	2	1405									
56	0	952									
60	0	1025									
72	0	1205									
50	2	863									
44	0	450									
54	0	1174									
76	1	2001									
74	1	2001									
48	0	1920									
110	1	1346									
56	0	1263									
70	0	1527									
74	2	2001									
0	0	114									
108	0	1708									
60	0	1459									
26	0	700									
60	0	908									
0	0	278									
24	0	273									
16	0	247									
6	0	236									
32	0	393									
0	0	272									
32	0	349									
62	1	1437									
60	0	1527									
24	1	2001									
0	0	132									
28	0	312									
48	0	766									
22	0	472									
46	0	565									
0	0	215									
54	0	556									
40	0	692									
18	0	421									
28	0	323									
0	0	109									
46	0	454									
32	0	349									
10	0	292									
34	0	422									
38	0	921									
44	0	498									
40	0	736									
66	0	1234									
56	0	654									
0	0	1194									
90	0	1426									
48	0	962									
64	0	1103									
66	0	880									
26	0	657									
74	0	976									
26	1	2001									
14	0	256									
40	0	604									
0	0	647									
60	0	702									
30	0	490									
96	1	2001									
72	3	2001									
44	3	2001									
100	2	2001									
62	1	1236									
38	0	780									
40	0	638									
50	2	750									
74	0	794									
62	3	1372									
16	0	399									
70	1	2001									
48	0	1156									
104	1	2001									
44	0	1067									
42	0	980									
68	0	842									
22	0	880									
108	1	2001									
56	0	1222									
56	0	1371									
58	0	704									
0	0	204									
32	0	336									
52	0	1435									
38	0	585									
54	0	841									
50	2	1454									
18	0	199									
30	0	466									
66	0	1291									
74	1	2001									
0	0	97									
90	0	1061									
60	1	2001									
22	0	718									
76	3	1145									
0	0	1021									
92	1	2001									
54	0	822									
16	0	400									
40	0	460									
0	0	379									
102	0	1378									
60	0	1503									
78	0	1228									
72	0	1785									
0	0	115									
96	3	2001									
60	3	2001									
94	1	2001									
42	0	668									
38	0	1204									
98	0	1450									
62	2	950									
72	1	2001									
74	1	2001									
50	3	743									
110	3	1522									
46	0	1164									
46	0	1163									
32	0	369									
0	0	173									
80	0	1328									
60	0	1424									
40	0	671									
48	0	545									
0	0	440									
18	0	251									
18	2	2001									
24	0	547									
70	0	1062									
44	0	1343									
100	0	1097									
20	0	402									
34	0	659									
76	3	1440									
0	0	609									
106	2	2001									
52	0	928									
32	0	1290									
24	0	297									
0	0	437									
52	0	630									
48	0	713									
24	0	535									
54	0	601									
24	0	341									
90	0	800									
34	0	406									
10	0	261									
18	0	299									
20	0	351									
58	0	699									
36	0	610									
24	0	566									
74	0	959									
0	0	212									
90	0	1515									
40	0	625									
20	0	903									
72	0	1244									
48	0	1791									
72	1	2001									
10	0	134									
2	0	129									
30	0	355									
0	0	215									
18	0	270									
22	0	352									
8	0	146									
20	0	269									
0	0	137									
98	0	1319									
60	3	2001									
42	0	1145									
72	3	2001									
0	0	176									
106	0	1361									
62	3	1386									
62	0	1063									
74	3	2001									
28	0	556									
96	0	1440									
62	3	1351									
88	2	2001									
74	0	1687									
12	0	242									
80	0	721									
26	0	416									
48	2	2001									
76	3	1240									
40	2	2001									
108	3	2001									
58	3	2001									
78	2	2001									
76	3	1690									
42	1	2001									
100	3	2001									
60	3	2001									
64	2	2001									
60	0	989									
48	3	2001									
108	1	2001									
62	1	1968									
50	0	1062									
74	2	2001									
26	0	727									
106	0	1579									
28	0	413									
72	1	2001									
64	0	1214									
50	2	1497									
106	0	1772									
62	2	1212									
74	1	2001									
72	2	2001									
30	0	1944									
52	0	624									
58	1	2001									
90	3	2001									
76	2	1165									
48	3	2001									
110	2	1909									
62	2	1722									
66	3	2001									
74	3	2001									
50	3	1527									
102	1	2001									
60	2	2001									
48	3	2001									
76	3	1371									
50	3	1673									
108	3	2001									
60	3	2001									
30	0	659									
50	0	608									
0	0	303									
84	0	1155									
44	0	953									
8	0	279									
76	2	1929									
42	0	1198									
92	0	1521									
62	3	1790									
62	1	2001									
68	2	2001									
22	3	2001									
106	3	2001									
52	0	930									
26	0	630									
76	2	1415									
50	2	1383									
106	2	2001									
46	0	1075									
68	0	1706									
76	3	1164									
20	0	1021									
108	0	1552									
24	0	427									
38	0	754									
76	1	1922									
12	0	470									
108	0	1695									
44	0	938									
56	3	2001									
74	3	2001									
30	0	1001									
106	2	2001									
50	0	965									
22	0	507									
76	2	1887									
42	1	2001									
32	0	358									
62	3	1625									
38	0	1041									
76	2	1240									
0	0	362									
106	1	2001									
56	2	2001									
18	0	263									
68	0	724									
50	3	1597									
108	0	1715									
48	0	1004									
42	0	864									
74	1	2001									
0	0	591									
108	3	2001									
58	0	1005									
64	2	2001									
76	2	735									
48	3	2001									
110	3	1990									
62	3	917									
76	3	2001									
76	3	1443									
44	2	2001									
108	1	2001									
62	3	1663									
80	0	1946									
76	3	1704									
18	0	527									
106	1	2001									
62	3	1720									
64	3	2001									
76	3	1044									
50	3	807									
110	3	1749									
62	3	1055									
60	2	2001									
76	3	1331									
48	0	1944									
74	0	961									
62	2	1749									
80	2	2001									
76	3	1894									
22	0	847									
104	3	2001									
62	2	1246									
32	0	830									
74	2	2001									
0	0	768									
110	3	1667									
52	0	1055									
30	0	753									
74	3	2001									
50	2	943									
110	3	1519									
34	0	502									
40	0	833									
72	1	2001									
50	2	1467									
110	2	1693									
62	3	1387									
78	1	2001									
58	0	638									
0	0	208									
110	1	1690									
62	3	1016									
66	0	1093									
72	1	2001									
40	1	2001									
110	3	1469									
62	2	1264									
98	1	1941									
72	2	2001									
24	3	2001									
106	3	2001									
62	2	1357									
30	0	768									
76	2	1994									
26	0	1706									
110	3	1399									
62	2	1320									
70	0	1780									
76	2	1627									
50	2	1882									
110	3	1827									
38	0	629									
30	0	620									
62	0	875									
50	1	946									
92	0	1321									
62	3	667									
42	0	1059									
76	1	1189									
40	0	1461									
108	3	2001									
58	0	1155									
30	0	644									
64	0	925									
0	0	238									
72	0	972									
44	2	2001									
10	0	228									
32	0	403									
0	0	142									
106	0	1440									
54	0	726									
6	0	192									
38	0	470									
46	2	2001									
108	0	1864									
62	2	1385									
48	2	2001									
76	1	1359									
8	0	373									
104	0	1204									
28	0	588									
86	1	2001									
28	0	331									
0	0	136									
70	0	988									
58	3	2001									
68	0	1530									
76	3	1953									
50	3	1991									
110	3	1932									
62	3	1435									
72	3	2001									
76	3	1790									
50	3	1107									
110	3	2001									
62	3	1143									
44	0	803									
76	1	1695									
38	0	1032									
56	0	664									
60	0	1245									
10	0	271									
74	3	2001									
38	3	2001									
104	2	2001									
62	2	1919									
54	1	2001									
76	2	1986									
50	3	1979									
108	3	2001									
62	3	1512									
74	3	2001									
74	3	2001									
28	3	2001									
110	3	1596									
60	2	2001									
62	3	2001									
76	3	1511									
24	3	2001									
108	3	2001									
60	3	2001									
74	3	2001									
76	3	1562									
50	3	1539									
110	3	1497									
62	2	1781									
78	3	2001									
76	3	1146									
30	3	2001									
110	3	1583									
62	3	1528									
64	3	2001									
76	3	1469									
28	3	2001									
104	2	2001									
62	2	1266									
72	1	2001									
76	3	1949									
50	3	1231									
110	3	1822									
62	1	1924									
88	3	2001									
76	3	1257									
20	0	933									
110	3	1789									
44	0	649									
24	0	561									
10	0	141									
22	0	433									
10	0	138									
16	0	205									
16	0	334									
14	0	206									
44	0	967									
52	0	514									
54	0	1503									
38	0	661									
32	0	337									
32	3	2001									
30	0	296									
60	0	1014									
8	0	240									
72	2	2001									
16	0	1274									
96	0	1410									
62	1	1530									
78	2	2001									
64	0	842									
50	2	721									
104	0	1548									
58	0	1506									
38	0	914									
76	2	805									
50	2	1166									
104	2	2001									
58	0	1633									
54	1	2001									
76	2	1614									
50	3	1462									
110	3	1591									
62	3	1314									
50	0	1738									
76	3	1543									
0	0	177									
106	3	2001									
62	3	1197									
90	1	2001									
24	0	448									
50	2	1408									
56	0	613									
52	0	1126									
52	1	2001									
76	3	1929									
50	3	1470									
106	2	2001									
62	1	1346									
32	0	626									
74	3	2001									
48	3	2001									
108	3	2001									
62	3	870									
18	3	2001									
20	0	263									
32	0	694									
100	0	1003									
48	0	878									
50	0	561									
60	0	732									
46	3	2001									
94	0	1121									
42	0	756									
24	0	519									
74	0	1324									
48	2	2001									
50	0	509									
56	0	1241									
84	2	2001									
72	0	1880									
0	0	177									
104	1	2001									
62	3	1350									
50	0	1646									
74	1	2001									
0	1	2001									
94	0	1281									
42	0	719									
18	0	373									
38	0	471									
42	0	995									
106	0	1744									
22	0	274									
28	0	488									
72	0	1384									
8	0	238									
72	0	867									
56	1	2001									
50	0	1484									
76	1	1223									
0	0	118									
110	3	1839									
60	3	2001									
68	0	1539									
72	0	1022									
0	0	182									
100	0	1301									
62	2	1339									
80	2	2001									
72	0	1050									
24	0	722									
106	2	2001									
62	1	1414									
48	0	1451									
50	1	2001									
0	0	168									
110	3	1415									
62	3	1348									
44	0	833									
74	3	2001									
50	3	873									
98	3	2001									
62	3	1090									
90	3	2001									
76	3	1294									
48	3	2001									
106	3	2001									
60	2	2001									
80	3	2001									
76	3	1998									
50	3	1859									
108	3	2001									
62	3	1771									
88	2	2001									
76	1	1995									
50	3	1972									
100	3	2001									
62	1	1240									
30	0	836									
76	2	1109									
50	3	1817									
110	2	1399									
42	0	738									
46	0	901									
76	3	1685									
12	0	1238									
86	0	1319									
56	0	955									
58	1	2001									
74	0	1262									
44	1	2001									
108	2	2001									
60	2	2001									
90	0	1970									
50	0	616									
46	0	947									
104	3	2001									
50	0	1392									
32	0	642									
26	0	310									
42	0	1832									
22	0	242									
20	0	302									
68	2	2001									
66	0	1109									
0	0	134									
100	0	1694									
60	3	2001									
82	3	2001									
76	3	1895									
42	1	2001									
106	3	2001									
62	3	1924									
86	3	2001									
18	1	2001									
40	0	997									
84	3	2001									
62	1	1806									
84	3	2001									
60	3	2001									
28	0	1940									
108	3	2001									
62	3	1725									
58	3	2001									
76	3	1171									
30	2	2001									
104	2	2001									
28	0	587									
74	1	2001									
74	1	2001									
50	2	1092									
110	2	1885									
62	3	1275									
74	2	2001									
74	2	2001									
26	0	1303									
94	0	1446									
60	0	1799									
14	0	213									
74	1	2001									
38	0	987									
96	0	1136									
62	3	1662									
62	3	2001									
76	3	892									
24	1	2001									
70	0	947									
62	2	1723									
74	2	2001									
74	0	1771									
32	3	2001									
104	2	2001									
56	0	1451									
82	3	2001									
76	1	1460									
42	3	2001									
92	0	1121									
58	0	1187									
70	1	2001									
38	0	362									
34	3	2001									
106	3	2001									
52	0	790									
58	0	1053									
74	1	2001									
30	3	2001									
102	2	2001									
58	2	2001									
62	2	2001									
74	2	2001									
26	3	2001									
104	3	2001									
62	3	1840									
96	3	2001									
76	3	1736									
50	3	1146									
98	2	2001									
62	3	1902									
50	1	2001									
76	3	1574									
44	3	2001									
110	3	1777									
62	3	1452									
70	3	2001									
76	3	1977									
48	3	2001									
110	3	1658									
62	3	919									
56	3	2001									
76	3	1373									
48	3	2001									
102	3	2001									
60	3	2001									
56	2	2001									
76	3	1994									
18	1	2001									
110	3	1882									
62	3	1592									
54	2	2001									
70	1	2001									
50	3	1628									
106	2	2001									
62	1	1655									
18	0	513									
48	0	525									
0	0	249									
104	2	2001									
60	0	1404									
20	0	346									
74	0	1684									
36	0	962									
108	0	1697									
62	3	1182									
62	0	1817									
58	0	940									
50	3	1789									
108	2	2001									
46	0	750									
74	1	2001									
76	3	1696									
50	3	1355									
100	0	1278									
62	2	1572									
72	3	2001									
76	3	1939									
48	3	2001									
102	3	2001									
62	3	1029									
44	2	2001									
76	3	1759									
34	0	1962									
108	3	2001									
60	0	1248									
10	0	329									
18	0	210									
0	0	442									
20	0	223									
46	2	2001									
42	0	1102									
74	0	1241									
50	3	1851									
26	0	295									
26	0	345									
24	0	474									
60	0	855									
0	0	160									
98	0	1563									
58	0	770									
56	0	890									
76	3	1493									
50	3	1024									
108	3	2001									
60	1	2001									
70	1	2001									
74	2	2001									
50	1	859									
104	3	2001									
62	1	1558									
84	1	2001									
76	2	1987									
50	3	903									
104	1	2001									
62	3	1307									
74	3	2001									
52	0	570									
26	0	838									
108	2	2001									
62	3	1540									
48	3	2001									
74	0	1540									
38	3	2001									
110	2	1901									
62	3	1462									
74	3	2001									
76	2	1574									
50	3	653									
62	0	586									
38	0	676									
68	2	2001									
76	1	1781									
50	3	1673									
104	0	1272									
62	3	1766									
34	0	884									
76	3	920									
42	3	2001									
90	0	1154									
52	0	954									
50	0	1514									
76	1	1220									
44	3	2001									
106	3	2001									
60	2	2001									
58	2	2001									
72	0	1164									
50	3	1276									
88	0	1004									
60	1	2001									
52	0	1526									
74	2	2001									
50	3	1237									
22	3	2001									
62	2	1123									
66	3	2001									
76	1	1333									
48	3	2001									
106	3	2001									
62	3	1489									
68	3	2001									
76	3	1659									
42	2	2001									
108	3	2001									
62	3	1877									
70	3	2001									
74	0	1687									
48	3	2001									
92	0	1265									
58	0	1137									
80	3	2001									
74	2	2001									
50	3	1273									
108	2	2001									
56	3	2001									
92	2	2001									
74	1	2001									
46	3	2001									
100	1	2001									
62	2	970									
66	3	2001									
76	3	1153									
0	0	409									
110	2	1925									
62	3	1520									
58	2	2001									
76	2	1387									
46	3	2001									
110	3	1644									
62	3	1594									
76	3	2001									
76	3	1474									
50	3	1833									
110	3	1650									
62	2	1399									
58	3	2001									
74	1	2001									
46	3	2001									
106	1	2001									
58	3	2001									
88	3	2001									
66	3	2001									
44	1	2001									
102	3	2001									
62	3	1190									
64	3	2001									
76	3	1705									
50	3	1043									
108	3	2001									
62	3	1037									
62	0	1847									
74	0	1462									
0	3	2001									
32	0	299									
56	0	1022									
80	1	2001									
12	0	136									
34	0	559									
32	0	383									
50	0	759									
26	0	768									
68	0	818									
24	0	707									
108	3	2001									
62	2	1973									
90	3	2001									
74	3	2001									
0	0	414									
104	1	2001									
46	0	607									
10	0	195									
32	0	335									
28	0	361									
92	0	1038									
18	0	251									
26	0	412									
44	0	543									
0	1	2001									
80	0	956									
60	2	2001									
32	0	617									
16	0	221									
12	1	2001									
58	0	671									
48	0	790									
12	0	267									
38	0	433									
0	0	120									
104	0	1493									
56	2	2001									
22	0	417									
18	0	268									
0	0	227									
108	0	1631									
56	0	1262									
24	0	433									
72	1	2001									
0	0	196									
108	0	1555									
50	0	868									
56	0	1419									
76	3	1782									
46	3	2001									
110	3	1965									
62	3	1938									
62	3	2001									
76	3	1091									
40	3	2001									
110	3	1641									
62	3	1492									
84	3	2001									
74	3	2001									
36	3	2001									
110	3	1431									
62	3	1445									
80	3	2001									
76	3	1558									
40	2	2001									
110	3	1818									
62	3	1633									
64	3	2001									
74	3	2001									
0	0	152									
32	0	387									
20	0	331									
4	0	249									
18	0	279									
50	3	1217									
110	3	1637									
62	2	1729									
94	3	2001									
72	3	2001									
50	3	1020									
110	3	1570									
62	3	1279									
62	2	2001									
72	2	2001									
34	3	2001									
110	2	1553									
24	0	343									
56	3	2001									
76	3	1515									
46	3	2001									
110	1	1873									
60	3	2001									
68	3	2001									
76	3	1126									
50	3	1405									
110	2	1795									
56	3	2001									
66	3	2001									
72	3	2001									
28	3	2001									
106	3	2001									
62	3	1106									
58	3	2001									
76	3	1779									
22	2	2001									
110	2	1408									
58	0	1489									
84	0	1755									
76	2	1572									
50	3	1334									
106	1	2001									
20	0	315									
78	1	2001									
74	2	2001									
50	3	1106									
110	3	1778									
60	3	2001									
66	3	2001									
76	3	1462									
32	3	2001									
108	3	2001									
62	3	1544									
92	3	2001									
76	3	1042									
50	3	1279									
104	3	2001									
60	3	2001									
56	3	2001									
76	3	1854									
30	3	2001									
106	3	2001									
62	3	1304									
88	3	2001									
76	3	1825									
24	3	2001									
110	3	1912									
60	3	2001									
70	3	2001									
74	3	2001									
26	3	2001									
96	3	2001									
52	0	1036									
10	0	408									
66	0	937									
36	3	2001									
42	0	480									
62	3	1773									
88	2	2001									
76	3	1264									
40	0	1908									
100	0	1841									
42	0	535									
28	0	333									
46	0	568									
0	0	579									
102	0	1612									
58	0	1922									
48	0	1184									
76	3	1737									
48	3	2001									
26	0	302									
48	0	998									
64	2	2001									
74	3	2001									
44	3	2001									
96	0	1209									
48	0	943									
46	0	1042									
74	0	1924									
36	0	1072									
106	0	1571									
62	2	923									
70	2	2001									
66	0	716									
36	0	725									
108	0	1753									
60	1	2001									
68	0	1568									
68	0	1313									
46	3	2001									
88	0	1225									
62	2	1755									
20	0	539									
60	0	820									
40	3	2001									
108	2	2001									
62	3	1503									
82	1	2001									
76	2	1902									
6	0	1312									
110	2	1864									
60	3	2001									
48	0	1313									
76	1	1721									
22	0	477									
88	0	996									
36	0	504									
78	2	2001									
76	1	1186									
50	3	910									
28	0	290									
56	0	1317									
98	3	1796									
76	3	1584									
16	0	1273									
100	2	2001									
56	0	880									
78	1	2001									
76	2	1912									
44	3	2001									
104	2	2001									
62	3	1552									
76	3	2001									
76	3	1879									
50	3	1050									
108	3	2001									
56	1	2001									
82	1	2001									
76	3	1829									
18	0	533									
110	1	1476									
60	0	1606									
28	0	831									
66	0	883									
50	3	774									
108	3	2001									
62	1	1511									
26	0	427									
42	0	481									
0	0	393									
106	0	1608									
58	3	2001									
36	0	1151									
44	0	644									
36	2	2001									
104	2	2001									
62	2	1542									
84	2	2001									
74	3	2001									
48	3	2001									
88	0	1446									
52	0	771									
42	0	826									
12	0	172									
48	2	2001									
110	1	1807									
60	2	2001									
48	1	2001									
74	1	2001									
50	2	905									
106	0	1523									
62	2	1505									
56	1	2001									
66	1	2001									
0	0	248									
98	0	1272									
48	0	819									
30	0	536									
50	0	705									
50	1	1037									
108	3	2001									
58	0	1223									
40	0	977									
76	1	1246									
50	3	1660									
110	3	1995									
62	3	1500									
72	0	1817									
76	1	1630									
48	3	2001									
108	1	2001									
60	3	2001									
60	0	1688									
76	2	1249									
50	3	1837									
72	0	873									
58	1	2001									
68	2	2001									
76	3	1886									
50	3	1333									
110	3	1820									
58	0	1939									
84	1	2001									
74	0	1854									
26	3	2001									
106	2	2001									
60	3	2001									
72	1	2001									
76	3	1034									
50	3	1960									
58	0	685									
62	2	1279									
88	2	2001									
74	2	2001									
0	1	2001									
88	0	952									
58	0	1607									
40	0	896									
58	0	1022									
0	0	127									
100	1	2001									
62	2	1370									
98	3	1838									
76	3	1672									
44	1	2001									
108	2	2001									
52	3	2001									
90	3	2001									
76	3	1173									
50	3	1030									
104	1	2001									
54	1	2001									
58	3	2001									
72	3	2001									
42	0	1122									
108	1	2001									
58	3	2001									
48	3	2001									
76	3	1310									
26	3	2001									
108	3	2001									
62	3	1821									
80	3	2001									
74	3	2001									
50	3	1150									
110	3	1827									
60	1	2001									
90	1	2001									
74	2	2001									
50	2	1421									
108	2	2001									
62	3	1920									
10	0	536									
76	2	1871									
50	3	1625									
108	1	2001									
60	0	1974									
50	2	2001									
62	0	1010									
50	3	1513									
108	3	2001									
62	3	1960									
52	0	1734									
76	2	1802									
50	3	1600									
110	3	1437									
62	2	1659									
98	3	1835									
74	3	2001									
48	3	2001									
108	3	2001									
62	3	1271									
62	3	2001									
76	3	1150									
50	3	1707									
110	2	1808									
62	2	1185									
74	2	2001									
76	3	1357									
30	2	2001									
106	2	2001									
62	3	1347									
68	1	2001									
76	2	1692									
50	2	1357									
108	1	2001									
24	0	487									
20	0	252									
56	0	602									
50	3	1243									
104	1	2001									
24	0	352									
62	1	2001									
74	1	2001									
36	3	2001									
42	1	2001									
62	1	1698									
64	1	2001									
72	3	2001									
42	3	2001									
108	3	2001									
60	2	2001									
82	2	2001									
74	2	2001									
50	2	1608									
102	1	2001									
60	0	1316									
98	3	1920									
76	3	1247									
28	3	2001									
104	3	2001									
62	3	1871									
62	3	2001									
76	3	1999									
44	1	2001									
106	3	2001									
62	2	1545									
64	1	2001									
74	3	2001									
46	3	2001									
110	3	1490									
60	2	2001									
36	0	684									
34	0	532									
0	0	130									
62	0	684									
14	0	202									
14	0	377									
76	2	1086									
0	0	216									
104	0	1126									
62	3	1154									
42	0	1130									
74	0	1249									
50	3	874									
110	3	1815									
60	1	2001									
42	0	1667									
76	1	1588									
50	3	1679									
104	1	2001									
62	2	1773									
68	0	1516									
76	3	1369									
32	3	2001									
98	0	1520									
52	3	2001									
42	3	2001									
76	3	1544									
50	3	1372									
94	2	2001									
60	2	2001									
68	2	2001									
74	3	2001									
28	3	2001									
108	1	2001									
62	1	1169									
76	3	2001									
76	3	1609									
28	0	414									
108	0	1763									
62	2	1678									
74	0	1866									
64	0	964									
14	0	264									
82	0	1373									
60	1	2001									
78	3	2001									
76	3	1306									
0	0	206									
100	3	2001									
52	0	1168									
60	3	2001									
74	0	1246									
22	0	293									
102	0	1973									
62	3	1876									
32	0	1052									
76	2	1723									
0	0	64									
96	2	2001									
56	0	1631									
40	0	753									
76	1	1213									
4	0	598									
100	1	2001									
60	2	2001									
66	2	2001									
76	2	1878									
42	3	2001									
102	3	2001									
58	3	2001									
74	3	2001									
76	3	1626									
50	3	1711									
108	3	2001									
62	3	1422									
82	3	2001									
72	3	2001									
0	0	379									
108	3	2001									
62	3	1595									
98	3	1863									
74	3	2001									
40	0	1018									
110	2	1845									
60	1	2001									
68	2	2001									
68	0	890									
48	1	2001									
108	0	1860									
50	0	722									
68	0	1528									
76	2	1519									
18	0	375									
102	0	1484									
62	2	1668									
44	0	1372									
50	0	664									
32	1	2001									
66	0	696									
62	2	1396									
54	0	1812									
76	3	1360									
50	3	1713									
108	0	1902									
58	3	2001									
38	0	1380									
76	2	1709									
4	0	1116									
108	0	1527									
48	3	2001									
76	0	1634									
76	1	1395									
24	0	365									
108	2	2001									
22	0	395									
26	0	611									
52	0	654									
48	2	2001									
104	2	2001									
62	2	1535									
84	1	2001									
66	0	850									
0	0	178									
74	0	949									
62	1	1575									
48	0	445									
68	0	906									
0	0	224									
104	0	1504									
44	0	647									
34	0	883									
76	2	1501									
42	0	1833									
50	0	585									
46	0	697									
64	2	2001									
76	2	1503									
44	3	2001									
102	0	1770									
52	0	970									
64	3	2001									
76	3	1603									
48	3	2001									
106	2	2001									
60	2	2001									
56	3	2001									
76	3	1847									
0	3	2001									
106	3	2001									
58	3	2001									
82	3	2001									
76	3	1101									
50	3	1072									
110	3	1623									
62	3	1640									
62	3	2001									
76	2	1293									
48	3	2001									
110	3	1390									
60	3	2001									
68	3	2001									
76	3	1430									
48	2	2001									
110	3	1970									
60	3	2001									
94	2	2001									
76	3	1756									
50	3	1663									
110	3	1487									
56	3	2001									
70	3	2001									
76	3	841									
46	3	2001									
110	3	1841									
62	3	1478									
42	0	1177									
42	0	511									
50	3	949									
102	0	1362									
54	0	887									
56	1	2001									
76	2	1469									
48	1	2001									
108	2	2001									
62	3	1967									
58	2	2001									
76	2	1748									
48	3	2001									
60	0	657									
58	0	1230									
46	0	1299									
76	1	1220									
50	3	654									
108	0	1361									
52	0	859									
74	2	2001									
76	1	1365									
50	3	1770									
110	1	1828									
60	2	2001									
82	3	2001									
74	3	2001									
50	3	687									
110	2	1656									
62	3	1673									
64	2	2001									
76	3	1719									
0	0	322									
110	2	1764									
60	3	2001									
88	3	2001									
72	1	2001									
50	2	711									
104	3	2001									
62	2	1498									
52	2	2001									
76	3	1113									
50	3	1020									
106	2	2001									
60	2	2001									
60	2	2001									
74	3	2001									
50	3	1207									
110	3	1823									
54	0	955									
72	2	2001									
76	3	1932									
24	3	2001									
110	3	1718									
60	3	2001									
56	3	2001									
74	3	2001									
22	3	2001									
108	3	2001									
62	3	1760									
66	3	2001									
76	3	1620									
46	3	2001									
106	3	2001									
60	3	2001									
66	1	2001									
76	3	1149									
40	3	2001									
106	3	2001									
62	2	1449									
58	3	2001									
76	3	1237									
38	3	2001									
106	2	2001									
62	3	1485									
64	2	2001									
76	3	1947									
30	3	2001									
108	3	2001									
62	3	1212									
92	3	2001									
74	3	2001									
50	3	1578									
108	3	2001									
58	3	2001									
64	3	2001									
76	3	1664									
48	3	2001									
110	3	1524									
60	3	2001									
52	3	2001									
76	3	1115									
50	3	1101									
108	3	2001									
62	3	1173									
68	3	2001									
76	3	1642									
14	3	2001									
110	3	1749									
54	3	2001									
74	3	2001									
66	3	2001									
34	1	2001									
108	3	2001									
60	3	2001									
58	3	2001									
76	3	1325									
50	3	1455									
108	0	1639									
62	3	1853									
92	1	2001									
76	2	1442									
34	1	2001									
110	3	1281									
62	3	1938									
40	0	616									
76	2	1335									
48	3	2001									
108	3	2001									
62	1	1720									
62	2	2001									
74	3	2001									
50	3	994									
110	3	1931									
62	3	1517									
72	1	2001									
76	3	1537									
50	2	1133									
104	2	2001									
62	3	1587									
76	0	1896									
46	0	741									
36	0	1355									
92	0	1317									
52	0	946									
72	3	2001									
76	3	1896									
50	3	1853									
108	3	2001									
60	3	2001									
74	3	2001									
76	3	1560									
30	3	2001									
110	3	1588									
60	3	2001									
66	3	2001									
76	3	1397									
50	3	1560									
110	3	1779									
62	3	1465									
56	0	1390									
48	0	635									
50	3	1622									
52	0	567									
56	0	1044									
12	0	396									
46	0	553									
24	0	1689									
110	2	1669									
60	0	1816									
64	0	1510									
76	3	1759									
0	0	549									
98	2	2001									
54	0	1096									
86	3	2001									
76	2	1722									
30	1	2001									
88	3	2001									
34	0	523									
94	3	2001									
76	3	1706									
46	2	2001									
106	3	2001									
62	2	1734									
74	1	2001									
76	3	1263									
46	3	2001									
110	3	1403									
62	2	1063									
70	3	2001									
76	3	1903									
50	3	937									
110	3	1817									
62	3	1660									
68	2	2001									
76	3	1102									
50	3	1513									
108	3	2001									
60	3	2001									
76	0	1944									
76	2	1182									
30	2	2001									
94	0	1290									
50	0	751									
28	0	1179									
28	0	383									
38	2	2001									
108	2	2001									
50	0	643									
28	0	1770									
68	1	2001									
50	3	1461									
110	2	1879									
62	3	1011									
60	0	858									
76	1	1915									
4	0	1615									
110	2	1616									
62	1	1690									
74	0	1820									
74	2	2001									
50	3	619									
108	3	2001									
56	3	2001									
98	2	1429									
72	3	2001									
48	0	1837									
108	2	2001									
50	3	2001									
34	0	756									
76	1	1439									
50	3	1550									
110	3	1621									
62	3	967									
92	2	2001									
76	3	1232									
50	2	1808									
106	3	2001									
40	0	783									
70	0	1857									
76	3	1472									
50	3	1616									
110	2	1866									
62	3	1489									
62	1	2001									
76	3	1368									
36	3	2001									
110	3	1639									
62	3	1555									
62	1	2001									
76	3	1068									
42	2	2001									
110	3	1630									
62	3	1600									
64	3	2001									
76	3	1639									
44	3	2001									
110	3	1835									
56	3	2001									
70	2	2001									
76	3	1215									
48	3	2001									
110	3	1434									
62	3	1239									
72	3	2001									
76	3	1085									
50	3	1477									
106	2	2001									
62	3	1270									
72	1	2001									
76	3	1126									
4	3	2001									
110	3	1936									
62	2	1582									
64	1	2001									
76	2	1337									
32	3	2001									
110	3	1377									
62	3	1421									
74	2	2001									
68	3	2001									
46	2	2001									
14	0	139									
60	2	2001									
82	2	2001									
76	3	1801									
50	3	1364									
52	0	621									
34	0	580									
40	0	916									
76	1	1848									
44	1	2001									
108	1	2001									
62	1	1352									
64	0	1525									
76	3	1460									
48	3	2001									
26	0	326									
24	0	311									
92	2	2001									
76	2	1694									
50	2	1445									
100	3	2001									
62	3	1894									
68	3	2001									
76	1	1935									
50	3	1646									
110	1	1690									
62	2	1132									
88	3	2001									
76	2	1320									
38	3	2001									
100	3	2001									
62	2	1903									
48	3	2001									
74	0	1882									
50	3	1337									
108	3	2001									
62	2	1580									
64	3	2001									
76	3	1494									
50	3	1907									
106	1	2001									
62	3	892									
52	1	2001									
74	2	2001									
44	3	2001									
92	0	1160									
62	3	1337									
68	3	2001									
76	3	1335									
50	3	748									
108	3	2001									
58	3	2001									
78	3	2001									
76	3	1319									
50	3	1621									
80	3	2001									
62	3	1678									
84	3	2001									
76	3	1613									
48	3	2001									
108	3	2001									
62	3	1496									
70	3	2001									
76	3	1651									
50	3	760									
106	3	2001									
60	3	2001									
74	3	2001									
76	3	1397									
48	3	2001									
110	1	1414									
56	3	2001									
80	3	2001									
76	3	1084									
50	3	903									
110	2	1745									
62	3	1231									
80	2	2001									
70	3	2001									
44	3	2001									
108	3	2001									
62	3	1152									
70	3	2001									
70	3	2001									
44	3	2001									
110	3	1775									
62	3	1206									
90	3	2001									
76	3	1516									
46	3	2001									
108	3	2001									
62	3	1408									
56	3	2001									
76	3	1618									
48	3	2001									
110	3	1715									
62	3	1566									
96	1	2001									
72	1	2001									
50	3	881									
76	0	1362									
62	1	1666									
64	0	1996									
76	3	1506									
6	0	1587									
90	0	1165									
58	0	1001									
68	0	1623									
76	1	1670									
0	0	201									
110	3	1707									
62	1	1500									
44	0	1017									
74	0	1646									
34	0	677									
92	0	1332									
60	0	1380									
82	3	2001									
70	3	2001									
48	2	2001									
108	1	2001									
42	0	1052									
46	3	2001									
76	3	1675									
48	3	2001									
110	3	1862									
52	3	2001									
52	3	2001									
76	3	1371									
50	3	1393									
110	3	1745									
62	2	977									
56	3	2001									
66	3	2001									
50	3	1882									
106	3	2001									
62	3	1313									
8	0	458									
74	1	2001									
50	3	1545									
88	0	1003									
12	0	180									
82	1	2001									
76	2	1290									
40	3	2001									
54	0	626									
52	2	2001									
46	3	2001									
76	3	1386									
34	3	2001									
108	3	2001									
56	3	2001									
62	3	2001									
74	3	2001									
38	3	2001									
108	3	2001									
62	3	1472									
68	3	2001									
76	3	1560									
48	3	2001									
110	3	1698									
62	3	1355									
70	3	2001									
76	3	1963									
36	3	2001									
100	3	2001									
62	3	1962									
68	3	2001									
74	3	2001									
2	3	2001									
108	3	2001									
62	3	1372									
92	3	2001									
76	3	1662									
48	3	2001									
98	3	2001									
62	3	1130									
76	0	1849									
74	3	2001									
46	0	1620									
110	2	1650									
60	0	1814									
48	0	1124									
76	1	913									
0	0	99									
86	0	1206									
56	0	1235									
64	0	1427									
76	1	1471									
0	0	280									
106	0	1891									
60	0	1763									
64	3	2001									
68	0	890									
0	0	482									
110	3	1450									
62	3	1944									
66	1	2001									
76	3	1722									
50	3	1427									
110	3	1790									
62	2	1507									
78	2	2001									
74	3	2001									
32	3	2001									
108	1	2001									
52	0	598									
16	0	360									
26	0	851									
48	2	2001									
82	3	2001									
18	0	294									
48	0	1046									
72	3	2001									
28	3	2001									
100	2	2001									
56	2	2001									
88	2	2001									
70	1	2001									
50	3	1558									
106	1	2001									
62	3	1732									
74	3	2001									
76	3	1329									
30	3	2001									
104	2	2001									
60	3	2001									
48	3	2001									
74	3	2001									
50	2	1526									
102	2	2001									
58	0	1377									
46	0	1012									
76	3	1080									
0	0	273									
110	2	1874									
12	0	226									
24	0	301									
44	0	523									
0	2	2001									
78	0	904									
60	0	1309									
28	0	617									
28	0	385									
50	3	1985									
30	0	266									
40	0	738									
68	0	1015									
74	2	2001									
0	0	159									
106	0	1490									
62	2	1582									
64	2	2001									
76	3	1281									
20	0	1081									
106	1	2001									
50	2	2001									
58	0	1668									
68	0	1061									
34	0	495									
110	3	1371									
60	3	2001									
72	3	2001									
74	2	2001									
38	2	2001									
108	3	2001									
60	2	2001									
82	3	2001									
70	1	2001									
32	2	2001									
104	0	1410									
62	1	1123									
82	2	2001									
76	3	1675									
46	2	2001									
108	2	2001									
56	0	1121									
50	0	956									
74	2	2001									
50	3	1621									
108	3	2001									
62	1	1565									
94	3	2001									
74	3	2001									
32	3	2001									
102	3	2001									
62	3	1036									
54	2	2001									
76	2	1653									
46	2	2001									
98	3	2001									
62	1	1338									
26	0	337									
14	0	178									
22	3	2001									
20	0	222									
34	0	449									
16	0	315									
72	1	2001									
0	0	336									
110	1	1464									
58	0	1197									
54	0	1929									
74	3	2001									
24	3	2001									
98	1	2001									
62	3	1833									
60	3	2001									
74	2	2001									
50	3	1148									
108	3	2001									
58	3	2001									
80	3	2001									
76	3	1855									
50	3	1996									
110	3	1317									
62	2	1453									
60	2	2001									
76	3	1586									
46	3	2001									
110	3	1603									
62	3	1098									
78	3	2001									
76	3	1162									
50	3	1483									
106	3	2001									
62	3	1839									
64	3	2001									
74	3	2001									
48	3	2001									
104	3	2001									
62	3	1101									
88	3	2001									
74	3	2001									
50	3	1837									
110	3	1768									
60	3	2001									
64	3	2001									
74	3	2001									
44	3	2001									
102	3	2001									
62	3	1594									
52	3	2001									
70	3	2001									
44	3	2001									
110	3	1454									
62	3	1717									
64	2	2001									
76	3	1439									
48	3	2001									
98	1	2001									
62	3	1474									
56	3	2001									
74	3	2001									
38	3	2001									
110	3	1743									
62	3	1730									
82	3	2001									
76	3	1981									
50	3	971									
102	3	2001									
58	3	2001									
68	3	2001									
76	3	1315									
42	1	2001									
104	0	1723									
16	0	242									
78	1	2001									
76	2	1867									
42	3	2001									
84	3	2001									
62	2	1860									
62	3	2001									
76	3	1298									
50	3	1629									
102	0	1528									
60	2	2001									
72	3	2001									
76	2	1106									
50	2	1843									
108	0	1526									
26	0	403									
30	0	654									
68	0	1899									
0	0	584									
86	0	897									
48	3	2001									
74	2	2001									
74	3	2001									
50	2	872									
108	3	2001									
62	3	1166									
42	2	2001									
62	0	765									
26	3	2001									
54	0	633									
58	0	1435									
70	2	2001									
44	0	473									
0	0	794									
54	0	534									
58	0	1861									
84	1	2001									
8	3	2001									
0	0	497									
108	3	2001									
62	2	1499									
4	0	245									
76	2	1086									
0	2	2001									
96	3	2001									
62	3	1813									
68	3	2001									
76	3	1643									
48	2	2001									
108	2	2001									
60	3	2001									
52	3	2001									
76	1	1154									
44	2	2001									
106	2	2001									
60	0	1362									
66	2	2001									
76	3	1792									
50	3	1365									
110	3	1928									
62	3	1572									
70	3	2001									
48	0	794									
50	2	797									
106	2	2001									
54	1	2001									
64	3	2001									
74	3	2001									
50	3	1406									
110	1	1464									
60	0	1460									
58	0	1442									
74	1	2001									
0	0	254									
22	0	270									
26	0	387									
8	0	376									
20	0	615									
38	0	1526									
24	0	338									
48	0	744									
14	0	372									
20	0	206									
48	2	2001									
110	2	1602									
62	1	1037									
98	3	1864									
58	3	2001									
50	3	1350									
110	3	1729									
62	2	1521									
66	3	2001									
76	3	1119									
44	3	2001									
110	2	1895									
60	3	2001									
76	1	2001									
76	3	1331									
50	3	1626									
110	3	1847									
58	0	1667									
76	1	2001									
74	2	2001									
50	3	1465									
110	1	1721									
62	2	1541									
64	0	1485									
72	2	2001									
50	3	1997									
76	3	2001									
62	3	1484									
80	3	2001									
76	2	1799									
46	3	2001									
108	3	2001									
62	3	1694									
72	3	2001									
76	3	1170									
44	3	2001									
110	3	1284									
62	3	1336									
50	2	2001									
74	3	2001									
50	3	1308									
110	3	1636									
62	3	1574									
74	3	2001									
74	3	2001									
32	3	2001									
104	3	2001									
60	3	2001									
54	3	2001									
76	3	837									
50	3	1310									
110	3	1374									
60	3	2001									
48	3	2001									
76	3	1215									
28	3	2001									
110	3	1776									
62	3	1162									
74	3	2001									
76	3	1993									
44	3	2001									
110	3	1890									
58	0	1664									
74	1	2001									
74	2	2001									
46	3	2001									
110	3	1154									
58	3	2001									
48	3	2001									
64	1	2001									
0	0	546									
24	0	295									
60	0	1206									
16	0	408									
64	0	1422									
0	0	359									
102	0	1241									
62	1	1114									
50	0	1602									
34	0	416									
50	3	1483									
80	0	950									
42	0	729									
46	0	1014									
30	0	305									
50	3	903									
86	0	1074									
60	0	1631									
80	3	2001									
70	0	1197									
40	3	2001									
110	2	1835									
62	2	1148									
70	1	2001									
68	2	2001									
34	3	2001									
62	0	699									
62	1	1525									
70	1	2001									
74	2	2001									
50	3	1779									
96	0	1194									
60	1	2001									
44	2	2001									
76	2	936									
50	1	1747									
96	0	1738									
62	1	1389									
46	0	1292									
68	0	1636									
50	2	942									
80	0	927									
62	3	1945									
78	2	2001									
74	1	2001									
0	3	2001									
104	0	1541									
20	0	270									
64	1	2001									
42	0	823									
50	3	1139									
56	0	771									
28	0	377									
18	0	565									
54	0	585									
50	2	1486									
76	3	2001									
60	1	2001									
36	0	757									
68	0	1136									
0	0	181									
104	0	1570									
60	0	1318									
80	0	1545									
64	3	2001									
50	3	908									
108	2	2001									
60	3	2001									
56	0	1136									
68	0	1913									
48	3	2001									
106	1	2001									
60	2	2001									
98	3	1451									
76	2	1886									
34	1	2001									
108	1	2001									
56	0	1324									
70	2	2001									
76	1	1700									
6	3	2001									
108	0	1801									
62	2	1877									
88	3	2001									
76	2	1529									
46	3	2001									
106	1	2001									
62	1	1393									
88	3	2001									
76	3	1897									
50	3	1133									
104	3	2001									
60	0	1195									
66	0	1312									
76	3	988									
50	3	1467									
110	3	1460									
60	3	2001									
66	1	2001									
76	3	1839									
46	3	2001									
104	3	2001									
62	2	1834									
52	2	2001									
76	3	1047									
6	1	2001									
110	1	1522									
62	2	1760									
84	2	2001									
76	2	1068									
34	3	2001									
110	2	1170									
60	0	1025									
46	3	2001									
74	2	2001									
38	0	953									
108	3	2001									
60	0	1653									
50	1	2001									
52	0	639									
48	1	2001									
108	1	2001									
28	2	2001									
60	0	1666									
76	2	1657									
24	0	1982									
110	2	1597									
44	0	852									
58	0	1789									
76	2	1873									
50	3	1200									
108	3	2001									
62	3	1718									
58	2	2001									
76	3	1287									
48	3	2001									
102	3	2001									
62	3	1338									
64	3	2001									
76	2	1740									
46	3	2001									
110	3	1609									
62	3	1803									
74	3	2001									
76	3	1764									
50	3	1733									
108	3	2001									
62	3	1874									
64	3	2001									
74	3	2001									
50	3	781									
106	3	2001									
62	2	1264									
14	0	360									
76	3	1429									
50	3	1899									
108	2	2001									
62	2	1360									
54	2	2001									
74	3	2001									
46	2	2001									
108	2	2001									
60	1	2001									
62	1	2001									
76	3	1291									
32	3	2001									
108	3	2001									
62	3	1508									
70	3	2001									
76	3	1093									
48	2	2001									
110	3	1574									
60	3	2001									
70	3	2001									
74	1	2001									
8	0	508									
104	0	1315									
54	0	998									
32	0	842									
72	0	1216									
38	0	1654									
86	0	1672									
60	0	1796									
18	0	470									
76	2	1637									
26	0	1399									
84	0	845									
56	0	1338									
80	0	1568									
70	2	2001									
50	1	1301									
108	2	2001									
58	0	1950									
34	0	623									
24	0	237									
46	2	2001									
106	1	2001									
50	0	1048									
64	0	1440									
76	3	1018									
48	3	2001									
88	0	1016									
28	0	420									
80	2	2001									
74	2	2001									
46	3	2001									
84	3	2001									
62	1	1784									
74	0	1482									
76	2	1306									
50	3	934									
102	0	1495									
52	0	995									
76	1	2001									
64	0	1414									
22	0	503									
98	0	1424									
38	0	536									
46	0	707									
70	1	2001									
50	2	1553									
78	0	828									
62	3	1348									
80	2	2001									
76	2	1317									
50	1	1706									
108	2	2001									
62	2	1634									
74	2	2001									
76	1	1432									
38	3	2001									
108	3	2001									
60	3	2001									
98	3	1834									
76	3	1443									
40	3	2001									
108	3	2001									
62	3	1886									
64	3	2001									
74	3	2001									
48	3	2001									
108	3	2001									
58	3	2001									
62	3	2001									
76	3	959									
46	3	2001									
104	3	2001									
62	3	1315									
96	3	2001									
72	3	2001									
48	3	2001									
100	3	2001									
62	3	1702									
64	3	2001									
76	3	1258									
50	3	920									
108	3	2001									
58	3	2001									
76	2	2001									
76	3	1680									
48	3	2001									
110	3	1867									
62	3	1472									
84	3	2001									
76	3	1161									
48	3	2001									
110	3	1733									
62	3	1912									
76	3	2001									
72	3	2001									
44	3	2001									
110	3	1858									
62	3	1091									
74	3	2001									
76	3	1457									
36	3	2001									
104	2	2001									
50	0	1751									
92	2	2001									
76	3	1548									
46	3	2001									
104	3	2001									
62	3	1370									
70	3	2001									
76	3	930									
6	0	668									
110	3	1706									
62	3	1262									
54	2	2001									
76	3	1773									
50	1	1745									
106	2	2001									
62	3	1119									
94	1	2001									
76	3	1394									
8	3	2001									
102	3	2001									
62	2	1610									
74	1	2001									
76	3	1121									
42	3	2001									
106	2	2001									
62	3	1184									
40	3	2001									
76	1	1337									
36	3	2001									
104	2	2001									
52	3	2001									
52	1	2001									
76	2	1595									
50	3	1816									
108	3	2001									
62	3	1939									
46	3	2001									
76	3	1124									
42	1	2001									
106	3	2001									
44	3	2001									
92	3	2001									
74	0	1986									
18	3	2001									
108	2	2001									
62	2	1140									
72	3	2001									
76	3	1484									
46	3	2001									
110	3	1584									
62	3	1743									
72	3	2001									
76	3	1722									
28	3	2001									
110	3	1933									
58	3	2001									
46	3	2001									
76	3	1204									
2	3	2001									
110	3	1061									
62	3	1251									
74	3	2001									
70	3	2001									
50	3	1721									
110	3	1892									
62	3	1875									
50	2	2001									
74	3	2001									
50	3	1439									
106	3	2001									
62	1	1227									
64	1	2001									
76	3	1344									
50	3	1631									
96	3	2001									
60	3	2001									
74	3	2001									
74	3	2001									
50	3	1229									
106	3	2001									
50	2	2001									
44	3	2001									
76	2	1422									
50	3	849									
110	1	1381									
62	3	1469									
56	0	1834									
66	0	1073									
50	3	1358									
30	0	323									
60	2	2001									
48	3	2001									
54	3	2001									
48	3	2001									
102	3	2001									
52	0	1218									
40	3	2001									
76	1	1421									
48	3	2001									
104	3	2001									
62	2	1863									
74	2	2001									
70	0	1235									
50	3	1481									
106	2	2001									
44	0	691									
62	0	1747									
76	3	1211									
44	3	2001									
106	3	2001									
56	3	2001									
66	3	2001									
76	3	1414									
50	3	1899									
104	3	2001									
60	3	2001									
76	3	2001									
76	3	1209									
46	3	2001									
108	3	2001									
62	3	1867									
74	3	2001									
76	3	1349									
48	3	2001									
104	3	2001									
62	3	1937									
68	3	2001									
74	3	2001									
48	2	2001									
110	3	1666									
62	3	983									
84	2	2001									
76	3	1156									
50	2	666									
108	3	2001									
62	3	1713									
84	3	2001									
76	3	1950									
48	3	2001									
110	3	1910									
62	3	1396									
96	3	2001									
76	3	1721									
44	3	2001									
94	3	2001									
60	3	2001									
52	1	2001									
76	3	2001									
50	3	1850									
108	3	2001									
62	3	1104									
62	3	2001									
76	2	1386									
2	3	2001									
110	3	1480									
62	2	1557									
78	2	2001									
76	3	1303									
50	3	1620									
106	3	2001									
60	0	1668									
48	3	2001									
76	3	1212									
0	0	386									
108	3	2001									
62	3	1780									
82	1	2001									
74	0	972									
50	3	710									
110	2	1345									
62	2	1082									
74	0	1442									
38	0	537									
50	3	1433									
110	3	1964									
62	3	1406									
74	3	2001									
76	2	1527									
0	0	86									
110	3	1683									
62	1	1985									
48	1	2001									
40	0	574									
50	2	1680									
106	3	2001									
62	3	1502									
80	3	2001									
76	3	1508									
38	2	2001									
110	3	1922									
62	3	1891									
56	3	2001									
74	2	2001									
50	3	903									
110	2	1870									
62	3	1188									
72	0	1736									
76	3	1817									
0	3	2001									
110	3	1857									
60	3	2001									
72	3	2001									
76	3	1079									
44	3	2001									
110	3	1918									
62	3	1416									
82	3	2001									
76	3	1314									
46	3	2001									
106	3	2001									
62	3	1897									
72	2	2001									
74	2	2001									
50	3	1114									
108	2	2001									
58	3	2001									
74	3	2001									
74	3	2001									
26	0	731									
110	3	1711									
60	3	2001									
94	3	2001									
76	3	1469									
0	0	593									
106	2	2001									
60	0	1144									
42	2	2001									
68	2	2001									
50	3	784									
42	3	2001									
62	3	1527									
60	3	2001									
76	3	1861									
32	3	2001									
110	3	1924									
60	3	2001									
64	3	2001									
66	3	2001									
44	3	2001									
106	3	2001									
60	3	2001									
88	3	2001									
74	3	2001									
50	3	1529									
110	3	1825									
60	3	2001									
88	3	2001									
66	2	2001									
46	1	2001									
106	3	2001									
62	3	1509									
84	3	2001									
74	3	2001									
50	3	1656									
104	3	2001									
62	3	1249									
72	3	2001									
74	3	2001									
50	3	1495									
110	3	1463									
62	2	1189									
56	0	1367									
68	2	2001									
50	3	1550									
72	3	2001									
60	3	2001									
66	3	2001									
72	2	2001									
28	3	2001									
110	3	1764									
62	3	1375									
80	3	2001									
76	3	1355									
42	3	2001									
110	3	1469									
62	3	1552									
62	3	2001									
74	3	2001									
32	0	1652									
110	3	1238									
62	3	1396									
80	3	2001									
76	3	1966									
40	2	2001									
110	3	1933									
62	2	1224									
44	3	2001									
72	3	2001									
22	3	2001									
88	3	2001									
62	3	1808									
84	3	2001									
76	3	1817									
46	3	2001									
110	3	1473									
58	3	2001									
86	3	2001									
74	2	2001									
18	2	2001									
108	3	2001									
62	3	1688									
72	3	2001									
76	3	936									
38	3	2001									
108	3	2001									
62	3	1063									
72	3	2001									
72	3	2001									
48	3	2001									
100	3	2001									
62	3	1036									
84	3	2001									
76	3	1614									
50	3	1920									
110	3	1871									
60	3	2001									
86	3	2001									
72	3	2001									
50	3	1439									
110	3	1424									
62	3	1282									
68	3	2001									
76	3	1942									
50	3	1956									
104	3	2001									
62	3	1434									
76	3	2001									
76	3	1475									
30	3	2001									
110	2	1918									
48	0	962									
16	0	343									
52	0	652									
48	3	2001									
84	1	2001									
62	2	1749									
68	3	2001									
76	3	1523									
32	3	2001									
110	3	1344									
62	3	1557									
46	3	2001									
50	0	1004									
42	3	2001									
110	1	1879									
52	0	727									
48	0	1831									
76	3	1360									
44	3	2001									
110	3	1865									
58	0	1919									
52	1	2001									
76	3	1332									
44	2	2001									
110	3	1569									
56	2	2001									
48	2	2001									
66	3	2001									
46	1	2001									
106	3	2001									
60	0	1475									
60	3	2001									
74	2	2001									
50	3	1320									
110	2	1589									
62	3	1395									
46	3	2001									
76	3	1768									
46	3	2001									
108	2	2001									
62	2	1380									
54	1	2001									
74	3	2001									
50	3	983									
108	3	2001									
58	3	2001									
54	3	2001									
74	3	2001									
50	3	1308									
104	3	2001									
62	3	1396									
90	3	2001									
74	3	2001									
48	3	2001									
106	2	2001									
50	3	2001									
72	3	2001									
72	3	2001									
50	3	868									
110	3	1545									
62	3	1948									
76	3	2001									
76	3	1710									
4	3	2001									
110	3	1342									
62	3	1426									
48	3	2001									
76	3	1614									
50	3	1647									
104	3	2001									
62	3	1460									
54	3	2001									
76	3	1440									
50	3	903									
110	3	1573									
62	3	1957									
92	3	2001									
76	3	1588									
40	2	2001									
104	3	2001									
62	3	1087									
58	2	2001									
76	3	1451									
50	3	1833									
110	2	1854									
62	3	1819									
74	3	2001									
74	2	2001									
2	0	593									
90	3	2001									
46	0	1843									
22	0	764									
74	0	1129									
38	3	2001									
108	3	2001									
62	3	1117									
98	3	1803									
76	3	1841									
34	3	2001									
110	3	1739									
58	3	2001									
86	3	2001									
72	3	2001									
42	3	2001									
98	3	2001									
62	3	1255									
86	3	2001									
76	3	985									
50	3	1450									
108	3	2001									
62	3	1205									
60	3	2001									
76	3	1044									
20	2	2001									
110	3	1529									
62	3	1355									
70	3	2001									
74	3	2001									
44	3	2001									
110	3	1753									
60	3	2001									
60	3	2001									
74	3	2001									
10	3	2001									
108	3	2001									
62	3	1276									
56	3	2001									
76	3	1615									
48	3	2001									
110	3	1881									
62	3	1211									
86	3	2001									
76	3	1127									
50	3	817									
110	3	1733									
60	3	2001									
52	3	2001									
74	3	2001									
18	3	2001									
106	3	2001									
62	3	1552									
64	3	2001									
62	3	2001									
22	3	2001									
108	3	2001									
42	3	2001									
60	3	2001									
72	2	2001									
26	3	2001									
110	3	1690									
62	3	1376									
44	3	2001									
74	3	2001									
50	3	1929									
110	3	1852									
62	3	1320									
46	3	2001									
76	3	1556									
50	3	1609									
110	3	1821									
62	3	1452									
64	3	2001									
76	3	1369									
50	3	1263									
104	3	2001									
60	1	2001									
76	3	2001									
76	3	1648									
32	3	2001									
106	3	2001									
62	2	1364									
76	3	2001									
40	0	392									
46	0	981									
60	0	666									
62	3	1897									
70	3	2001									
76	1	1338									
50	3	1539									
64	0	655									
58	3	2001									
68	3	2001									
74	3	2001									
50	3	1030									
106	1	2001									
62	3	1990									
74	3	2001									
76	3	1674									
46	3	2001									
98	3	2001									
62	3	1596									
56	3	2001									
74	3	2001									
50	3	903									
108	2	2001									
62	3	1729									
66	3	2001									
74	3	2001									
6	3	2001									
110	3	1714									
62	3	1442									
50	3	2001									
74	3	2001									
44	3	2001									
108	3	2001									
62	3	1750									
90	2	2001									
74	3	2001									
42	3	2001									
74	2	2001									
54	0	1091									
74	3	2001									
60	0	661									
0	2	2001									
106	3	2001									
54	0	1067									
96	1	2001									
76	1	1827									
48	3	2001									
110	3	1454									
42	0	520									
76	2	2001									
76	1	1906									
50	3	1896									
110	3	1674									
62	1	1285									
68	3	2001									
76	3	1690									
50	3	903									
108	0	1810									
62	2	1895									
64	3	2001									
56	0	1140									
42	3	2001									
110	3	1871									
48	3	2001									
44	0	1114									
76	1	1537									
50	3	1852									
108	3	2001									
58	3	2001									
64	3	2001									
76	3	1981									
48	3	2001									
106	2	2001									
62	3	1040									
66	2	2001									
72	0	1160									
50	2	742									
108	3	2001									
62	1	877									
70	0	1775									
76	2	1488									
48	2	2001									
108	3	2001									
62	3	1391									
62	3	2001									
70	3	2001									
50	3	1986									
110	3	1826									
62	3	1894									
46	3	2001									
74	3	2001									
48	3	2001									
80	3	2001									
62	3	1285									
84	3	2001									
76	3	1808									
50	3	1303									
108	3	2001									
60	3	2001									
70	3	2001									
74	3	2001									
10	2	2001									
108	3	2001									
60	3	2001									
58	1	2001									
74	3	2001									
48	3	2001									
110	1	1473									
30	0	511									
10	0	261									
74	2	2001									
50	3	1097									
110	3	1317									
62	3	1414									
52	3	2001									
76	2	1278									
50	3	1572									
40	2	2001									
62	3	1799									
32	0	796									
74	1	2001									
50	3	1323									
110	1	1871									
60	3	2001									
74	0	1692									
74	3	2001									
28	3	2001									
110	1	1824									
60	1	2001									
50	1	2001									
58	1	2001									
48	3	2001									
108	2	2001									
58	3	2001									
34	0	901									
72	3	2001									
0	0	201									
110	3	1858									
58	3	2001									
52	0	1410									
54	0	1370									
0	0	615									
110	2	1434									
42	2	2001									
90	3	2001									
74	1	2001									
46	2	2001									
110	1	1964									
54	3	2001									
48	0	1299									
76	1	1985									
46	3	2001									
104	0	1258									
62	1	1700									
50	0	641									
72	2	2001									
24	2	2001									
108	1	2001									
60	3	2001									
44	0	1074									
76	1	1252									
48	3	2001									
108	3	2001									
56	0	1259									
34	2	2001									
76	3	1385									
24	3	2001									
110	3	1595									
62	3	1195									
54	2	2001									
76	3	1953									
14	3	2001									
102	1	2001									
62	3	1908									
56	2	2001									
62	2	2001									
24	3	2001									
78	0	1033									
34	0	526									
72	3	2001									
76	3	1685									
46	3	2001									
110	1	1564									
62	2	1496									
52	2	2001									
76	2	1525									
50	3	1994									
108	3	2001									
60	2	2001									
76	3	2001									
76	3	923									
32	3	2001									
110	3	1239									
62	1	996									
56	2	2001									
68	3	2001									
22	3	2001									
42	0	508									
18	0	378									
24	0	496									
52	0	598									
46	2	2001									
34	0	359									
26	0	429									
22	0	253									
76	1	1371									
48	3	2001									
108	3	2001									
58	1	2001									
76	1	2001									
68	0	1651									
42	3	2001									
106	3	2001									
62	3	1150									
42	3	2001									
76	3	1403									
22	3	2001									
68	0	735									
62	3	995									
50	3	2001									
76	3	1590									
48	3	2001									
108	2	2001									
62	3	1707									
46	2	2001									
76	1	1392									
48	3	2001									
108	0	1764									
60	2	2001									
88	2	2001									
68	3	2001									
36	2	2001									
110	2	1893									
54	2	2001									
68	0	1951									
76	1	1911									
0	3	2001									
34	0	451									
34	0	380									
38	0	800									
76	3	1912									
42	3	2001									
110	3	1435									
62	3	1593									
48	3	2001									
76	3	1388									
42	3	2001									
98	3	2001									
62	3	1017									
72	1	2001									
76	3	1678									
48	3	2001									
110	2	1505									
62	3	1517									
60	0	1682									
76	2	1475									
48	3	2001									
98	0	1225									
62	2	1816									
78	0	1463									
54	0	655									
34	3	2001									
108	0	1947									
62	1	1580									
66	0	1289									
44	0	889									
48	1	2001									
94	1	2001									
62	3	1542									
80	3	2001									
76	3	1935									
42	3	2001									
54	0	552									
18	0	294									
56	2	2001									
76	2	1687									
32	3	2001									
110	3	1932									
32	3	2001									
80	3	2001									
76	3	1063									
24	2	2001									
106	3	2001									
60	3	2001									
72	3	2001									
76	3	1436									
50	3	1165									
110	3	1484									
62	3	1302									
90	3	2001									
76	3	1725									
50	3	1799									
110	3	1958									
62	3	985									
68	3	2001									
76	3	1592									
50	3	981									
110	3	1354									
62	3	1915									
36	3	2001									
76	3	1398									
44	3	2001									
108	1	2001									
62	3	1419									
38	3	2001									
70	3	2001									
46	3	2001									
110	3	1909									
60	3	2001									
50	3	2001									
76	3	1878									
50	3	847									
106	3	2001									
62	3	1120									
70	3	2001									
72	3	2001									
10	3	2001									
108	3	2001									
62	3	1611									
50	3	2001									
76	3	1355									
24	3	2001									
110	3	1949									
60	3	2001									
48	3	2001									
76	3	1560									
48	3	2001									
106	3	2001									
62	3	1154									
74	3	2001									
76	3	1052									
40	3	2001									
96	3	2001									
62	3	1627									
48	3	2001									
76	3	1799									
50	3	1665									
108	3	2001									
60	3	2001									
46	3	2001									
54	3	2001									
0	3	2001									
100	2	2001									
52	0	1371									
50	2	2001									
66	0	874									
0	0	231									
86	0	1307									
38	0	489									
16	3	2001									
60	0	776									
40	0	453									
104	2	2001									
44	3	2001									
22	0	434									
76	1	1214									
50	1	879									
108	3	2001									
42	0	618									
82	1	2001									
76	1	1650									
24	3	2001									
96	3	2001									
60	2	2001									
60	2	2001									
72	1	2001									
50	3	844									
106	2	2001									
62	1	1423									
98	2	1887									
72	0	1267									
0	3	2001									
110	2	1864									
58	0	1845									
66	1	2001									
76	2	820									
46	3	2001									
110	3	1366									
50	0	732									
68	2	2001									
76	3	1258									
42	3	2001									
108	2	2001									
60	1	2001									
82	3	2001									
76	3	1506									
48	3	2001									
102	0	1261									
54	0	1486									
90	1	2001									
70	3	2001									
20	3	2001									
108	3	2001									
62	3	1616									
44	3	2001									
72	3	2001									
4	3	2001									
100	3	2001									
62	3	1439									
56	3	2001									
66	3	2001									
26	3	2001									
106	3	2001									
62	3	1384									
36	1	2001									
64	3	2001									
50	3	1470									
108	1	2001									
62	3	1399									
90	2	2001									
76	3	1752									
46	3	2001									
46	3	2001									
62	3	1404									
60	3	2001									
76	3	1039									
50	3	1940									
96	3	2001									
60	2	2001									
82	3	2001									
76	3	1502									
50	3	1183									
98	3	2001									
58	1	2001									
70	3	2001									
76	2	1485									
50	3	1069									
108	2	2001									
62	2	1750									
84	3	2001									
74	3	2001									
46	3	2001									
104	3	2001									
62	1	1859									
76	2	2001									
76	3	1019									
50	3	1203									
110	1	1750									
58	0	1950									
84	3	2001									
76	1	1863									
50	3	903									
106	3	2001									
62	2	1597									
88	2	2001									
72	0	1337									
38	3	2001									
108	3	2001									
60	2	2001									
48	2	2001									
74	2	2001									
50	3	1019									
110	2	1838									
60	1	2001									
54	3	2001									
76	3	851									
44	3	2001									
102	0	1893									
62	3	1557									
94	3	2001									
74	3	2001									
42	3	2001									
106	3	2001									
56	3	2001									
76	3	2001									
76	3	1441									
50	3	1668									
100	3	2001									
60	3	2001									
74	3	2001									
74	3	2001									
50	3	1303									
108	3	2001									
62	3	1993									
50	0	1188									
76	3	1182									
50	3	1003									
110	3	1519									
62	2	1481									
98	3	1670									
70	3	2001									
8	2	2001									
108	3	2001									
62	3	1795									
34	3	2001									
60	2	2001									
44	0	1434									
108	3	2001									
62	3	1253									
80	2	2001									
58	0	538									
0	2	2001									
110	3	1415									
62	1	1826									
48	0	1145									
62	0	800									
0	0	269									
90	0	1106									
48	0	1077									
96	2	2001									
76	3	1295									
0	2	2001									
110	3	1557									
18	0	294									
52	2	2001									
76	2	1376									
50	2	1334									
110	1	1842									
62	3	1264									
80	2	2001									
76	2	1740									
30	2	2001									
110	3	1616									
54	3	2001									
78	0	1368									
60	0	695									
48	0	1984									
106	0	1327									
50	0	820									
76	3	2001									
74	0	1628									
0	0	229									
46	0	455									
44	0	595									
22	1	2001									
54	0	810									
22	0	1428									
108	0	1409									
62	3	1194									
72	2	2001									
76	1	1972									
48	0	1398									
108	3	2001									
62	3	1646									
68	3	2001									
76	3	1358									
24	0	1419									
110	3	1872									
60	0	868									
20	0	703									
76	3	1717									
0	0	466									
108	0	1368									
60	3	2001									
44	0	947									
68	0	1007									
0	0	236									
102	3	2001									
62	3	654									
86	3	2001									
76	3	1606									
50	3	1574									
106	3	2001									
62	3	1190									
62	3	2001									
76	3	1347									
0	1	2001									
110	2	1729									
58	3	2001									
96	2	2001									
74	1	2001									
38	0	661									
108	3	2001									
52	3	2001									
86	2	2001									
76	3	1847									
22	1	2001									
108	2	2001									
58	3	2001									
76	1	2001									
72	1	2001									
40	0	1240									
110	3	1636									
52	2	2001									
72	3	2001									
76	1	1309									
0	0	169									
108	1	2001									
40	0	714									
62	0	1431									
70	0	862									
0	0	397									
106	3	2001									
52	0	979									
36	2	2001									
60	0	779									
40	1	2001									
110	3	1556									
56	3	2001									
86	2	2001									
76	3	1786									
42	3	2001									
108	2	2001									
62	2	1117									
68	3	2001									
76	3	1220									
50	2	1514									
110	3	1538									
60	0	1164									
88	1	2001									
76	3	1990									
40	1	2001									
110	2	1628									
60	3	2001									
60	3	2001									
74	3	2001									
50	3	903									
104	3	2001									
54	2	2001									
30	3	2001									
74	3	2001									
50	3	950									
80	0	909									
62	3	1841									
76	3	2001									
76	3	1741									
46	3	2001									
102	1	2001									
62	1	1880									
90	2	2001									
32	0	418									
50	2	1131									
108	2	2001									
62	3	918									
56	3	2001									
76	1	1375									
0	2	2001									
98	1	2001									
40	0	1327									
70	1	2001									
76	2	1295									
50	3	1305									
96	2	2001									
62	3	1899									
76	3	2001									
76	3	1410									
50	2	1066									
110	1	1699									
62	1	1326									
72	3	2001									
76	3	1918									
50	3	1117									
92	0	1212									
52	0	1023									
84	1	2001									
72	2	2001									
50	3	1878									
110	1	1865									
60	3	2001									
98	3	1493									
64	3	2001									
50	3	1384									
86	3	2001									
62	2	1478									
92	3	2001									
76	3	1739									
48	3	2001									
90	3	2001									
60	3	2001									
70	3	2001									
74	3	2001									
30	3	2001									
106	1	2001									
62	3	1454									
52	3	2001									
74	3	2001									
48	3	2001									
106	3	2001									
62	3	1185									
90	2	2001									
74	3	2001									
24	0	791									
108	2	2001									
62	1	1078									
40	0	1134									
76	1	1171									
0	0	437									
110	1	1811									
62	2	1661									
64	2	2001									
76	3	1958									
0	0	80									
102	0	1640									
62	3	1749									
30	0	858									
64	0	1249									
0	0	85									
100	3	2001									
48	3	2001									
76	2	2001									
56	3	2001									
22	0	998									
104	2	2001									
60	3	2001									
70	3	2001									
72	3	2001									
50	3	694									
110	3	1433									
62	3	1395									
66	1	2001									
76	2	1557									
46	3	2001									
108	2	2001									
62	3	1715									
70	3	2001									
76	2	1332									
0	0	131									
110	2	1503									
48	0	1358									
38	0	1107									
72	0	1108									
42	0	1466									
104	3	2001									
62	2	1647									
82	0	1079									
76	2	1129									
4	0	327									
104	3	2001									
62	3	1253									
24	0	460									
74	1	2001									
0	0	432									
110	2	1615									
60	2	2001									
44	2	2001									
76	3	1669									
0	1	2001									
84	3	2001									
58	2	2001									
70	2	2001									
38	0	394									
32	0	609									
110	2	1999									
58	0	1515									
44	2	2001									
72	1	2001									
0	0	137									
108	3	2001									
52	1	2001									
30	0	696									
76	3	1250									
50	1	1774									
110	3	1392									
52	3	2001									
48	0	1678									
76	3	1131									
42	3	2001									
92	0	1706									
62	1	1337									
72	2	2001									
76	2	1757									
28	3	2001									
108	3	2001									
48	3	2001									
76	1	2001									
66	2	2001									
50	1	1905									
106	0	1199									
62	2	1771									
80	2	2001									
74	0	1915									
44	3	2001									
106	2	2001									
62	2	1704									
56	3	2001									
76	3	1836									
12	0	384									
58	0	564									
62	1	1412									
16	0	529									
34	0	613									
36	0	1250									
34	0	386									
38	0	693									
42	0	935									
76	1	1962									
16	0	1171									
106	2	2001									
62	2	1515									
92	1	2001									
76	1	1727									
4	0	473									
108	0	1490									
58	2	2001									
64	0	1392									
74	1	2001									
46	3	2001									
106	1	2001									
56	0	1202									
52	0	1438									
76	2	1486									
42	1	2001									
46	0	465									
38	0	543									
64	3	2001									
76	1	1565									
50	2	1974									
106	2	2001									
30	0	414									
58	0	1382									
76	3	1702									
0	0	434									
108	0	1585									
40	0	652									
32	1	2001									
76	3	1122									
44	0	1870									
106	2	2001									
42	3	2001									
14	0	872									
70	3	2001									
0	0	675									
102	3	2001									
62	3	1794									
40	1	2001									
32	0	473									
48	3	2001									
30	0	340									
58	0	1297									
74	1	2001									
76	1	1648									
44	3	2001									
106	2	2001									
60	1	2001									
54	1	2001									
74	2	2001									
50	3	1145									
110	3	1700									
60	2	2001									
44	0	655									
74	1	2001									
48	2	2001									
108	3	2001									
36	0	547									
28	0	789									
74	1	2001									
46	2	2001									
108	2	2001									
62	1	1728									
20	0	608									
76	3	1235									
50	3	1711									
106	1	2001									
62	3	1356									
56	0	797									
74	2	2001									
50	2	1316									
62	0	653									
62	1	1920									
52	0	1416									
72	0	1862									
26	0	723									
106	0	1629									
62	1	1272									
42	0	1005									
70	0	928									
0	0	370									
82	0	1073									
60	0	954									
40	0	1487									
74	3	2001									
50	1	1271									
110	2	1727									
62	3	1438									
82	3	2001									
76	3	1390									
50	1	1839									
110	2	1462									
62	2	988									
84	2	2001									
72	3	2001									
50	2	1098									
110	2	1878									
62	3	1359									
78	3	2001									
76	3	1375									
22	0	1169									
102	2	2001									
62	3	1956									
46	0	1422									
34	0	386									
0	0	355									
110	3	1772									
62	1	1908									
22	1	2001									
76	1	1222									
20	3	2001									
104	2	2001									
62	3	1581									
74	3	2001									
74	3	2001									
38	3	2001									
104	3	2001									
52	3	2001									
72	3	2001									
76	3	1807									
48	2	2001									
110	3	1391									
60	2	2001									
48	0	1123									
76	3	1068									
0	0	204									
96	1	2001									
62	3	1744									
56	0	954									
74	1	2001									
0	0	138									
100	0	1439									
62	1	1019									
76	3	2001									
72	2	2001									
0	0	225									
110	2	1428									
62	2	1375									
94	1	2001									
76	3	1134									
4	2	2001									
102	2	2001									
60	1	2001									
74	2	2001									
76	2	1790									
0	0	216									
86	0	1201									
58	0	1095									
66	1	2001									
44	3	2001									
0	0	704									
110	3	1989									
62	3	1260									
78	2	2001									
76	3	1594									
0	0	315									
106	2	2001									
30	3	2001									
14	0	499									
76	3	1153									
28	0	606									
108	3	2001									
58	2	2001									
62	2	2001									
76	2	1797									
50	3	1470									
110	3	1363									
62	2	1342									
82	3	2001									
70	3	2001									
50	3	1817									
108	3	2001									
62	3	1773									
76	2	2001									
66	3	2001									
46	3	2001									
110	2	1584									
62	3	1622									
56	3	2001									
76	3	1334									
20	3	2001									
108	3	2001									
62	3	1420									
46	3	2001									
76	3	1596									
48	3	2001									
106	3	2001									
60	3	2001									
74	3	2001									
72	3	2001									
46	3	2001									
92	3	2001									
62	3	1536									
76	3	2001									
76	3	1864									
14	1	2001									
104	3	2001									
56	3	2001									
72	2	2001									
74	2	2001									
46	3	2001									
108	3	2001									
60	3	2001									
42	3	2001									
76	3	1846									
38	3	2001									
110	3	1754									
62	3	1930									
84	3	2001									
76	3	1255									
50	3	1286									
110	3	1494									
62	3	1679									
62	3	2001									
76	3	1993									
50	3	1579									
110	3	1891									
60	3	2001									
86	3	2001									
72	3	2001									
48	3	2001									
106	3	2001									
62	3	1218									
88	3	2001									
76	2	1407									
38	3	2001									
108	2	2001									
62	3	1427									
72	3	2001									
72	3	2001									
50	3	1838									
110	3	1757									
62	3	1261									
58	0	1273									
72	2	2001									
0	0	147									
108	3	2001									
62	1	1949									
78	2	2001									
74	2	2001									
2	2	2001									
110	3	1654									
58	3	2001									
90	1	2001									
64	3	2001									
26	3	2001									
108	3	2001									
62	3	971									
70	3	2001									
76	3	1547									
48	2	2001									
102	3	2001									
62	3	1379									
52	3	2001									
68	3	2001									
42	3	2001									
110	3	1783									
52	3	2001									
80	3	2001									
72	3	2001									
50	3	1903									
104	3	2001									
62	3	1345									
88	1	2001									
76	3	1965									
50	3	1695									
108	3	2001									
62	3	1944									
88	3	2001									
74	3	2001									
50	3	1001									
108	3	2001									
62	2	1188									
42	3	2001									
74	3	2001									
50	3	1102									
110	3	1941									
62	3	1433									
86	3	2001									
76	3	1975									
50	3	1538									
106	3	2001									
60	3	2001									
86	3	2001									
46	3	2001									
50	3	1290									
106	3	2001									
62	3	1109									
78	2	2001									
76	3	1539									
16	0	1094									
102	3	2001									
62	3	1290									
64	1	2001									
76	2	1779									
50	3	697									
92	2	2001									
62	3	1492									
48	3	2001									
74	1	2001									
50	2	1535									
102	0	1441									
60	3	2001									
78	2	2001									
54	0	811									
50	2	1867									
110	3	1501									
60	1	2001									
40	2	2001									
72	2	2001									
50	2	1460									
108	3	2001									
60	3	2001									
60	3	2001									
76	3	915									
50	3	1029									
108	3	2001									
62	3	1902									
72	3	2001									
72	3	2001									
50	3	1376									
106	3	2001									
62	3	1633									
98	3	1962									
74	3	2001									
0	3	2001									
82	3	2001									
50	3	2001									
20	3	2001									
76	3	1968									
50	3	1269									
110	3	1835									
60	3	2001									
30	3	2001									
76	3	1951									
50	3	1629									
96	3	2001									
62	3	1840									
42	3	2001									
76	3	1274									
48	3	2001									
108	3	2001									
62	3	1951									
84	3	2001									
76	3	1073									
48	3	2001									
110	1	1710									
62	2	1378									
62	3	2001									
76	3	1521									
50	1	1971									
108	0	1323									
62	1	1395									
50	0	1529									
76	2	1321									
48	1	2001									
110	2	1611									
62	2	1382									
78	2	2001									
76	3	1092									
50	3	1678									
80	0	837									
60	3	2001									
76	3	2001									
76	3	1873									
24	2	2001									
50	3	2001									
62	3	1755									
72	3	2001									
72	0	1151									
40	0	1787									
106	3	2001									
62	2	1753									
64	2	2001									
76	2	1083									
50	3	1332									
108	3	2001									
60	3	2001									
92	3	2001									
76	3	1839									
46	3	2001									
108	3	2001									
62	3	1472									
72	3	2001									
76	3	1694									
38	3	2001									
110	2	1882									
54	3	2001									
66	3	2001									
76	1	1390									
50	3	1619									
110	3	1765									
62	3	1261									
96	3	2001									
76	3	1772									
32	3	2001									
104	3	2001									
62	3	1826									
76	3	2001									
70	3	2001									
50	2	948									
108	1	2001									
62	3	1883									
66	3	2001									
76	3	1601									
32	0	682									
110	2	1940									
62	3	1161									
92	3	2001									
76	3	1903									
50	3	911									
96	3	2001									
60	0	1179									
46	0	704									
76	2	766									
46	3	2001									
108	3	2001									
62	3	1909									
56	3	2001									
76	3	1889									
44	3	2001									
110	3	1701									
62	3	1488									
82	2	2001									
76	3	1246									
46	3	2001									
92	0	900									
62	1	1436									
56	3	2001									
76	3	1394									
50	3	1411									
88	2	2001									
58	3	2001									
56	0	987									
36	0	554									
36	3	2001									
48	0	558									
62	1	1030									
40	1	2001									
76	3	1925									
38	3	2001									
94	2	2001									
60	3	2001									
86	2	2001									
76	3	1100									
50	3	1426									
100	2	2001									
60	3	2001									
52	3	2001									
76	3	1106									
50	3	874									
108	3	2001									
62	3	1760									
84	2	2001									
76	3	1206									
42	3	2001									
102	3	2001									
62	3	1633									
68	3	2001									
74	3	2001									
50	1	1377									
106	3	2001									
62	1	1596									
50	1	2001									
62	2	2001									
42	3	2001									
102	3	2001									
60	2	2001									
48	2	2001									
76	3	1631									
50	2	1047									
70	3	2001									
62	3	1242									
32	0	539									
74	0	1097									
0	0	105									
34	0	315									
62	1	1016									
22	0	408									
76	1	1649									
0	2	2001									
110	2	1808									
44	0	747									
62	2	2001									
40	0	599									
0	3	2001									
32	0	339									
62	2	1575									
70	3	2001									
76	3	1701									
44	3	2001									
106	1	2001									
62	3	1472									
56	3	2001									
76	3	1512									
50	2	1400									
96	3	2001									
58	2	2001									
18	3	2001									
70	2	2001									
20	2	2001									
102	3	2001									
20	0	333									
34	1	2001									
76	2	1523									
42	3	2001									
104	3	2001									
44	3	2001									
68	1	2001									
76	3	1035									
50	3	1399									
106	3	2001									
62	3	1956									
82	3	2001									
44	3	2001									
46	3	2001									
108	3	2001									
60	3	2001									
66	3	2001									
76	3	1270									
50	3	1780									
108	3	2001									
62	3	1446									
96	3	2001									
76	3	1456									
46	3	2001									
96	3	2001									
60	3	2001									
84	3	2001									
76	3	1438									
48	3	2001									
110	3	1911									
62	3	1634									
96	3	2001									
76	3	1443									
22	3	2001									
108	3	2001									
62	3	1187									
90	3	2001									
76	3	1740									
36	3	2001									
110	3	1563									
62	3	1496									
94	3	2001									
74	3	2001									
50	3	1616									
110	3	1990									
108	2	2001									
56	0	1061									
68	3	2001									
18	3	2001									
50	3	1573									
68	3	2001									
50	1	2001									
12	3	2001									
52	3	2001									
50	3	1466									
48	3	2001									
28	3	2001									
98	3	1355									
76	3	1306									
50	3	1466									
108	3	2001									
62	3	1736									
66	3	2001									
76	3	1871									
50	3	1418									
110	3	1520									
62	3	1736									
66	3	2001									
76	3	1871									
50	3	1418									
110	3	1520									
62	3	1736									
66	3	2001									
76	3	1871									
50	3	1418									
110	3	1520									
62	3	1736									
66	3	2001									
76	3	1871									
50	3	1418									
110	3	1520									
62	3	1736									
66	3	2001									
76	3	1871									
50	3	1418									
110	3	1520									
62	3	1736									
66	3	2001									
76	3	1871									
50	3	1418									
110	3	1520									
62	3	1736									
66	3	2001									
76	3	1871									
50	3	1418									
110	3	1520									
62	3	1736									
66	3	2001									
76	3	1871									
50	3	1418									
110	3	1520									
62	3	1736									
66	3	2001									
76	3	1871									
50	3	1418									
110	3	1520									
62	3	1736									
66	3	2001									
76	3	1871									
50	3	1418									
110	3	1520									
62	3	1736									
66	3	2001									
76	3	1871									
50	3	1418									
110	3	1520									
62	3	1736									
66	3	2001									
76	3	1871									
50	3	1418									
110	3	1520									
62	3	1736									
66	3	2001									
76	3	1871									
50	3	1418									
110	3	1520									
62	3	1736									
66	3	2001									
76	3	1871									
50	3	1418									
110	3	1520									
62	3	1736									
66	3	2001									
76	3	1871									
50	3	1418									
110	3	1520									
62	3	1736									
66	3	2001									
76	3	1871									
50	3	1418									
110	3	1520									
62	3	1736									
66	3	2001									
76	3	1871									
50	3	1418									
110	3	1520									
62	3	1736									
66	3	2001									
76	3	1871									
50	3	1418									
110	3	1520									
62	3	1736									
66	3	2001									
76	3	1871									
50	3	1418									
110	3	1520									
62	3	1736									
66	3	2001									
76	3	1871									
50	3	1418									
110	3	1520									
62	3	1736									
66	3	2001									
76	3	1871									
50	3	1418									
110	3	1520									
62	3	1736									
66	3	2001									
76	3	1871									
50	3	1418									
110	3	1520									
62	3	1736									
66	3	2001									
76	3	1871									
50	3	1418									
110	3	1520									
62	3	1736									
66	3	2001									
76	3	1871									
50	3	1418									
110	3	1520									
62	3	1736									
66	3	2001									
76	3	1871									
50	3	1418									
110	3	1520									
62	3	1736									
66	3	2001									
76	3	1871									
50	3	1418									
110	3	1520									
62	3	1736									
66	3	2001									
76	3	1871									
50	3	1418									
110	3	1520									
62	3	1736									
66	3	2001									
76	3	1871									
50	3	1418									
110	3	1520									
62	3	1736									
66	3	2001									
76	3	1871									
50	3	1418									
110	3	1520									
62	3	1736									
66	3	2001									
76	3	1871									
50	3	1418									
110	3	1520									
62	3	1736									
66	3	2001									
76	3	1871									
50	3	1418									
110	3	1520									
62	3	1736									
66	3	2001									
76	3	1871									
50	3	1418									
110	3	1520									
62	3	1736									
66	3	2001									
76	3	1871									
50	3	1418									
110	3	1520									
62	3	1736									
66	3	2001									
76	3	1871									
50	3	1418									
110	3	1520									
62	3	1736									
66	3	2001									
76	3	1871									
50	3	1418									
110	3	1520									
62	3	1736									
66	3	2001									
76	3	1871									
50	3	1418									
110	3	1520									
62	3	1736									
66	3	2001									
76	3	1871									
50	3	1418									
110	3	1520									
62	3	1736									
66	3	2001									
76	3	1871									
50	3	1418									
110	3	1520									
62	3	1736									
66	3	2001									
76	3	1871									
50	3	1418									
110	3	1520									
62	3	1736									
66	3	2001									
76	3	1871									
50	3	1418									
110	3	1520									
62	3	1736									
66	3	2001									
76	3	1871									
50	3	1418									
110	3	1520									
62	3	1736									
66	3	2001									
76	3	1871									
50	3	1418									
110	3	1520									
62	3	1736									
66	3	2001									
76	3	1871									
50	3	1418									
110	3	1520									
62	3	1736									
66	3	2001									
76	3	1871									
50	3	1418									
110	3	1520									
62	3	1736									
66	3	2001									
76	3	1871									
50	3	1418									
110	3	1520									
62	3	1736									
66	3	2001									
76	3	1871									
50	3	1418									
110	3	1520									
62	3	1736									
66	3	2001									
76	3	1871									
50	3	1418									
110	3	1520									
